Scatterer_ocean
{
	Ocean
	{
		name = Doyle
		m_foamAnsio = 9
		m_foamMipMapBias = -2
		m_whiteCapStr = 0.100000001
		shoreFoam = 1
		m_farWhiteCapStr = -0.200000003
		choppynessMultiplier = 1
		AMP = 1
		m_ansio = 2
		m_windSpeed = 5
		m_omega = 0.839999974
		m_varianceSize = 4
		m_oceanUpwellingColor = 0.00999999978,0.075000003,0.100000001
		m_UnderwaterColor = 0.100000001,0.75,1
		m_oceanLevel = 0
		m_zmin = 20000
		m_resolution = 4
		MAX_VERTS = 65000
		oceanScale = 1
		oceanAlpha = 0.949999988
		alphaRadius = 1400
		transparencyDepth = 200
		darknessDepth = 2000
		refractionIndex = 2.32999992
		fakeOceanAltitude = 160000
	}
}
